
hold on
digitvecNum = [53, 286, 169, 126, 101, 77, 56, 57, 56, 41];
ChiSquNum =  [0, 10.287712379549449, 10.94867642699313, 12.716949839399268, 12.716949839399268, 9.867425169178492, 11.673410706140043, 11.203566476247177, 11.203566476247177, 8.60361737673345, 9.970816335111891, 8.411529637592384, 8.411529637592384, 9.951547491064042, 7.4722134998098175, 5.818633469535111, 5.818633469535111, 6.616051297535158, 5.787173943350737, 4.4704703979142035, 5.242873587001468, 4.696619462798353, 3.957605489106103, 4.66893033773658, 4.66893033773658, 4.386464515762524, 5.135520196100493, 4.663547237681063, 5.450370835722522, 3.900095947806618, 3.767862341597587, 3.0417045365184494, 3.0417045365184494, 3.7218023752551477, 3.3785188006177562, 3.8029209208440955, 4.411096969222094, 3.9052977307704935, 3.8008520510698056, 3.844218901328696, 3.844218901328696, 4.339743597229581, 3.9719683361642586, 3.3901764228696303, 3.7815138283770873, 3.5984570601165964, 3.0996829222307007, 2.7980734745964306, 2.7980734745964306, 2.852831452683396, 2.789266508786496, 3.132787110955514, 3.403655497876167, 3.2217713230056773, 3.739968505000476, 4.499439909509549, 4.499439909509549, 2.7921469542924973, 2.684977648767114, 3.332611840873145, 3.1365981724586414, 3.0374284180172877, 3.0296208465694705, 3.1080997812822146, 3.1080997812822146, 2.6407665480878717, 2.5025135411235153, 2.597405224802618, 2.495092690385677, 2.3597074370516467, 2.462965574777571, 2.384989330603935, 2.384989330603935, 2.8335211435243135, 2.9345613141093536, 3.2492483687853144, 3.7117152651393797, 3.6728266256783315, 2.478428230926016, 1.8647291436396842, 1.8647291436396842, 2.6374731958575475, 3.2952451328188546, 3.2466206672883997, 3.2638448839917733, 3.0800339460417154, 3.296281843698895, 3.6935344048759124, 3.6935344048759124, 4.264646708644352, 4.223945069047751, 4.243823679053302, 4.32198202285333, 4.1902418397894445, 4.794139039922657, 4.870578673936163, 4.870578673936163, 5.499349302702534, 5.597048063608514, 5.153809668761904, 6.034963195595108, 6.130537198043207, 6.5968840007317, 6.713702805199372, 7.207036780806954, 7.843460620239667, 8.618308349677129, 7.797211973149623, 7.56979982125202, 7.612618915640199, 8.21724374866595, 8.279761544843659, 8.279761544843659, 9.04361395038391, 8.60055007992219, 9.435986078498907, 10.142634583576049, 9.313923386748382, 8.592155583786644, 8.576128377862528, 9.30535708709327, 9.307846004738177, 9.353688925696025, 8.677539832460177, 9.594550448575918, 9.28058337187802, 9.312802393185448, 9.38590907652109, 9.38590907652109, 9.211660981408864, 9.30756401768205, 8.865226913595249, 8.199900250812185, 7.625927438457337, 7.720525200049453, 7.222057159543405, 7.340476012348056, 7.495316505517711, 7.371039949291107, 7.544608989342813, 7.207130717821716, 7.400384776602549, 7.627427312146978, 6.944883809939677, 6.944883809939677, 6.75746916762572, 6.75325867692149, 5.534169968898357, 5.741173254975279, 5.6444316315505, 5.867371669168541, 4.95776753199176, 5.202075274899411, 4.602715220974013, 4.68205906709688, 4.928792902935551, 5.131844669147473, 5.342211271612844, 5.5825291009210805, 5.852165384674092, 5.852165384674092, 6.150505050401012, 6.379743445646108, 5.699611253292443, 5.989270317899072, 6.28300779549838, 5.653516680183525, 5.905228606983624, 6.300849355996314, 6.650640049271552, 7.176009833367878, 6.943545594456565, 6.835124412654696, 7.034913609754814, 7.261909715800923, 7.515592853552015, 7.515592853552015, 7.486281417225744, 7.751990455686572, 7.04131025690104, 6.569885440200937, 6.840305127127303, 6.150953990785635, 6.436751411037226, 6.455450422067505, 6.580276173044805, 6.290817458753318, 5.633335313629611, 5.893881182198794, 6.178678606371717, 6.336606629981249, 6.574139243777311, 6.574139243777311, 6.822882896079399, 6.853554779136794, 7.105553320292416, 6.446951109679992, 6.7594844565458665, 6.582967279849251, 6.821051606566327, 7.2332894297407755, 7.569538317662211, 6.926570038043412, 7.201331443963985, 7.3773957060682305, 7.3958827177386635, 7.583222121734265, 8.027065239773131, 8.027065239773131, 8.223117382384416, 8.44166556681873, 8.682354592415708, 8.029080791416545, 8.283181603023852, 8.159632388100054, 8.186826010749696, 8.397230763929494, 8.637348427428801, 8.73600603692999, 9.04684623902122, 9.288940471187507, 9.73784293006399, 9.948620572200827, 10.091006608062187, 10.091006608062187, 10.310991822748305, 10.570405804006471, 10.77907846902706, 11.091992115093515, 10.377851118286836, 10.57503385992545, 10.792549092982707, 11.137570931197166, 11.545710313880218, 11.758605896166952, 12.208363517771637, 11.500018608579467, 11.936124690570367, 12.12154080056893, 12.683397876831041, 12.683397876831041, 12.503826965657108, 11.816504925289635, 11.97790003903124, 11.338551881416446, 11.308358834018604, 10.65378344597241, 10.81143301156278, 10.28585521738266, 9.299624878343845, 8.680224744405114, 7.883848711526921, 7.308170514746397, 7.452966044369202, 7.605220333213024, 7.75888317021541, 7.75888317021541, 7.979924053966952, 7.537406863291487, 7.580798542499937, 7.012283670808503, 7.151045573917081, 7.414692909326492, 7.754116008946003, 7.2083448422331315, 7.338362958644263, 6.82922419919694, 6.97061244153395, 7.348497292328573, 6.867419876224896, 7.080441225491972, 7.184703437516129, 7.184703437516129, 7.5852976712395686, 7.833061605713417, 8.232978232700379, 8.703962067109885, 7.966308169628267, 7.8776700832819895, 7.385404758235458, 7.643839888260141, 7.954974140547532, 8.001182113840597, 8.439238076393194, 7.959549993843404, 8.007683568738775, 8.145324488834188, 7.649752157009557, 7.649752157009557, 7.2639350220614345, 6.639919626354035, 6.679460064203322, 6.736161311504019, 6.809830550172411, 7.041998047492006, 7.1238110816118825, 7.376323092543449, 7.744261468535976, 7.236222903837435, 6.766183695563553, 7.192245680265484, 7.252250461120933, 7.513328900002508, 7.9039859267301225, 7.9039859267301225, 7.4448826184311026, 7.498260876448513, 7.99289106815896, 8.05334794263193, 8.308937049041056, 7.861311877115603, 8.26448693255035, 7.845975611975343, 8.20745203315091, 7.817692645381076, 8.361666843163972, 8.792943878092867, 8.809606585357507, 8.84211304099069, 9.285554394228292, 9.285554394228292, 9.750922578052249, 9.782085567121413, 9.50078825535845, 9.541517678665219, 10.118717311593405, 9.63527972927439, 9.767997004934802, 9.341117864644168, 9.513823754499304, 9.277214685345578, 8.613700977502436, 8.451538774099797, 8.651151552776005, 8.649679010917053, 8.663342629558073, 8.663342629558073, 9.107376401230134, 9.697505784105825, 9.256746094777352, 9.2639214003359, 9.285934864800405, 9.322644269395404, 9.507417000479002, 9.078567261641973, 8.682044885628388, 8.715918039594262, 8.346167491092029, 8.00806975848804, 8.045743574500843, 8.097649504400716, 8.693448427558788, 8.693448427558788, 8.368857992690046, 7.8613269183156875, 8.540007296452508, 8.579306057083436, 8.269303546632077, 8.412839594931821, 7.779187352583818, 7.490663246406366, 7.665485934327346, 7.401204288406358, 7.611305232007397, 7.090462828666071, 7.099133863362318, 6.849677294313902, 7.08268318978138, 7.08268318978138, 6.856519848502831, 6.861778243172981, 6.6592354277876655, 6.377463175554056, 6.199034827633431, 6.441546415967316, 7.076658190526317, 7.236656672790531, 7.44959650000418, 7.708786006302319, 7.9669548373352, 8.237893363367862, 8.195165016133835, 8.165910494780842, 8.150014965565576, 8.150014965565576, 8.433412207937282, 7.883609523763085, 7.870457216374409, 7.39800574701702, 7.638897049531708, 7.628336992383736, 7.227010722878536, 7.224997506371463, 6.916433534578617, 7.203479143156604, 7.496646574004427, 7.490189053114601, 7.225045289575206, 7.542639827463913, 7.765695430942384, 7.765695430942384, 7.7548918160753715, 7.476672353056686, 7.218817731928885, 6.669329363836276, 6.907884639372642, 6.890527901330508, 6.5069347207250505, 6.258724787363931, 6.019606945469896, 6.001193339618336, 5.681881056893847, 5.671431591649287, 5.673257797773843, 5.964724345966298, 