hold on

digitvecNum = [54, 292, 181, 109, 100, 74, 60, 61, 51, 42];
ChiSquNum =  [0, 0, 0, 10.287712379549449, 10.94867642699313, 12.716949839399268, 12.716949839399268, 12.17505689432222, 13.519516086255026, 15.189798245839356, 17.046264958367406, 19.019097016485283, 19.019097016485283, 21.06950597166304, 18.58693272707082, 20.544178279415277, 22.562204255516896, 22.729059357186557, 25.19261709086638, 22.1343660287097, 22.1343660287097, 19.47779647294743, 20.767593514680485, 18.38812921150025, 18.38812921150025, 16.996993646450157, 16.337729372743098, 19.260047720716557, 19.260047720716557, 20.114054750328712, 21.095707089964804, 22.189049075871832, 23.380677950497294, 24.659252918989054, 24.475065043736926, 22.345753625274277, 24.892243559977487, 25.90475155201349, 27.00173826036249, 25.959438132765957, 25.959438132765957, 26.310990080320142, 27.318172598563873, 24.67133548395541, 27.227173631155235, 24.92472625630787, 25.826682194046654, 24.46174818375266, 24.46174818375266, 25.396277181162763, 23.44501110202069, 21.809465959374318, 20.46761471114255, 18.161621712699553, 17.123976995971642, 17.979689762796852, 17.979689762796852, 16.970824788702206, 16.134460868822543, 15.523208683928486, 15.147682316159024, 13.573958337597865, 11.755454683777776, 10.877652861623728, 11.549004113440068, 12.28037634136808, 10.757862726312496, 11.523835886188689, 12.343462664513545, 11.753587890259903, 10.474819083048201, 11.281888363962244, 11.281888363962244, 10.2456531486864, 11.625389699256944, 11.114033581426114, 11.8407392403054, 11.683078411163299, 11.946160772665335, 11.121506355812102, 11.121506355812102, 11.786321591211264, 13.298754181138422, 11.986747300876848, 12.620787113199798, 12.067849554561704, 11.425140273333545, 12.04989133606115, 12.04989133606115, 11.643248885069688, 11.25626703479135, 10.232529918391375, 9.743688938502295, 9.544177418992799, 9.166741150631026, 9.188419947962599, 9.188419947962599, 9.667177854224235, 9.851902745800999, 9.00978302683762, 8.67629237369096, 8.581397860140196, 9.018638121519796, 7.895318036740495, 7.895318036740495, 8.269472084748415, 8.958082424217306, 9.341288469032639, 9.542383847322633, 8.537156318473075, 8.500535431034486, 8.11706458311496, 8.11706458311496, 7.260794244059819, 7.76978526981619, 7.8700487956649114, 7.54179911976121, 7.792443630823007, 8.083701545489227, 8.842507073070557, 8.842507073070557, 9.143488804257881, 8.831672990691901, 8.614021128085042, 7.586444091641443, 7.704473096773207, 7.552306579636758, 6.73748365165503, 6.97217716205748, 6.8784619186769245, 6.012870992441452, 6.2533924705437345, 6.214961380173532, 5.568110771505428, 4.811755404341884, 4.831923275936493, 5.24631173527815, 5.559321513244919, 4.8942228096038285, 5.0514519315404875, 5.243879410760899, 4.72125777880073, 4.148209508026126, 3.8112975541586707, 3.8112975541586707, 4.243349992363428, 3.7656524884486924, 4.304984073844814, 4.229940438100169, 3.839680702317569, 3.7573443255038317, 4.514343113452905, 4.580384493691508, 4.258409501959584, 5.238398691216592, 5.302408512851513, 5.054721539346675, 5.138152322840405, 5.253561639354045, 5.400269094568021, 5.400269094568021, 5.215263338468851, 5.462930706654915, 4.480413252355087, 4.283355634073851, 4.4086968216096425, 4.563923545299876, 4.847656692433225, 5.015597797811854, 4.830592517667182, 4.710009474176976, 4.515452157161262, 4.920128296238039, 4.836103437984424, 4.963062367956291, 4.823203909489201, 4.823203909489201, 5.354937474083414, 6.056360943650313, 6.163922156416024, 7.013237129066712, 6.903453341306772, 7.0077681352689085, 7.139292908383504, 7.063417917931481, 6.468826352330401, 7.393283964035632, 7.51140348545193, 7.455106688805113, 7.053650325439026, 6.163270664354358, 6.238866522122593, 6.238866522122593, 5.738723785754323, 5.378805279130349, 5.46130650472441, 6.411831964756107, 6.143315808174497, 5.956974102849754, 5.864020814762519, 6.041354726926075, 5.989841845097914, 5.990598427016666, 5.596401092785635, 6.017380842874758, 6.9829262411479585, 6.968844881586467, 7.243713124930197, 7.243713124930197, 6.910240786903841, 6.146876732689518, 6.130341569617334, 6.138421809260513, 6.093113476996989, 5.829722720507597, 5.824606424139486, 5.253894479933493, 4.840958243691954, 4.56712008696392, 4.545507514398601, 4.868923563290539, 4.8655622624498704, 4.846000948544475, 4.84973803671662, 4.84973803671662, 4.87304513490383, 5.307510096044617, 5.042162130300767, 5.0903248469581674, 5.888683494497285, 6.81398781749435, 6.584999273389097, 6.1802377203387175, 5.89008583099847, 5.716162278258684, 5.643166285724068, 6.121634891415345, 6.747442795424839, 6.532370257920134, 6.521911442927925, 6.521911442927925, 6.431418155406114, 6.63923023486424, 6.652891345180558, 7.0173473281363705, 6.920113739504395, 6.956458995491641, 7.034441276871538, 7.153502944911146, 7.051365511512629, 6.9706799854440735, 6.526579150918177, 6.283918986932598, 6.210453370438542, 6.327199234446544, 6.265627588408112, 6.224603353929385, 6.203861972063242, 6.203143406237728, 6.584968173503276, 6.593843620898038, 5.944988499720166, 5.698194040988182, 5.713362392065396, 5.519622352435166, 5.546376144077414, 5.607836363592855, 5.295727380635436, 5.325708589436077, 5.374399568735382, 5.203054848700329, 4.967511548818818, 4.967511548818818, 5.0272292298370855, 4.899535313249045, 5.445141773875095, 5.523588394759594, 5.435158637473709, 5.4027949081478015, 5.501575206896903, 5.852669891700537, 6.345938665365792, 6.341693692649665, 6.124409476984329, 6.223738930605839, 5.66440721496927, 5.526002866728085, 6.066650270231547, 6.066650270231547, 5.997571199650974, 6.1006428433624835, 6.097481271261582, 6.031485893915923, 5.944474256099934, 5.420185901346313, 5.528535516263336, 5.460602299858992, 5.595153507197371, 5.537194940174092, 6.019579691558757, 5.538022457279943, 5.483245210041251, 5.460735886077063, 5.416177762504276, 5.416177762504276, 5.564076667678464, 5.577390075160719, 5.640636406729896, 5.753282570669761, 5.696575865973022, 5.2407950318748675, 5.195601556537154, 5.167019460639617, 5.154874498943374, 5.158994854714611, 5.277547143528567, 5.1349185543470615, 5.141285293108153, 5.29306747283093, 5.456514572076065, 5.456514572076065, 5.903171478609491, 5.9022257558415605, 5.917028330142479, 5.908125283970021, 5.931710186597691, 6.466925066188143, 5.994956427616367, 5.588259921025179, 5.585107807791308, 5.7901477405598545, 5.907400537296418, 6.069960373394261, 6.061720167429566, 6.061509385876416, 6.254577551623864, 6.254577551623864, 5.872659139986424, 5.860775303753254, 5.863948318688604, 5.8820329418551545, 5.914885792404531, 5.9067071419070745, 5.928382327318948, 6.116994706691415, 6.630942509590285, 6.667029323553, 7.2863885286390495, 7.041968474138926, 7.226195805642785, 7.2704388396137, 7.088154549478647, 7.088154549478647, 7.15533040810206, 7.2509735366553745, 6.844851799878974, 6.807830716146326, 6.456427904786113, 5.5663896201840455, 5.2714668970782865, 5.411096171296071, 5.502003588403671, 5.45356332064586, 5.200473088558098, 5.815807039368099, 5.6128112522429845, 5.705806452112638, 6.412379040614621, 6.412379040614621, 6.545351211938987, 6.71035684732222, 6.876987616911132, 6.792491145549473, 6.722067332469971, 6.916383941025026, 6.853695043702669, 6.804830013001819, 6.769668988807259, 6.7480934926765705, 6.9556271569457095, 6.736413098242387, 6.571702269351747, 7.279245923557193, 7.246994736334681, 7.246994736334681, 6.399928352404196, 6.127141559570157, 6.390043571260998, 6.341335849711126, 6.687564328455074, 6.642545110249914, 6.6302175349650465, 6.5929517651478715, 6.601211435486848, 7.009585022164457, 7.126309332368292, 6.946636299322092, 6.899819204229587, 7.043230504724747, 7.737985410743603, 7.737985410743603, 7.69114918076966, 6.911339160936786, 6.900585379237097, 6.852132499008371, 7.004132682464693, 6.836194062995842, 6.778199183068333, 6.955868108724319, 6.943459382654806, 6.810985299246213, 6.750083129565354, 6.947079986382768, 6.893097726812435, 6.871853477999941, 